+---+------+------+------+------+------+------+------+------+------+------+------+------+------+------+------+------+------+------+------+------+-----+------+-----+------+-----+-----+------+------+-----+------+------+
|   |  а   |  б   |  в   |  г   |  д   |  е   |  ж   |  з   |  и   |  й   |  к   |  л   |  м   |  н   |  о   |  п   |  р   |  с   |  т   |  у   |  ф  |  х   |  ц  |  ч   |  ш  |  щ  |  ы   |  ь   |  э  |  ю   |  я   |
+---+------+------+------+------+------+------+------+------+------+------+------+------+------+------+------+------+------+------+------+------+-----+------+-----+------+-----+-----+------+------+-----+------+------+
| а | 117  | 1164 | 3425 | 856  | 1897 | 980  | 856  | 2708 | 965  | 823  | 3511 | 5908 | 2624 | 4015 | 1117 | 2085 | 1924 | 4893 | 4073 | 434  | 101 | 720  | 211 | 933  | 491 | 257 |  0   |  0   | 200 | 622  | 1943 |
| б | 480  |  8   |  38  |  0   |  26  | 2014 |  16  |  8   | 716  |  0   | 138  | 646  |  50  | 473  | 1513 |  6   | 876  | 152  |  6   | 571  |  0  |  50  |  0  |  2   |  22 | 217 | 2492 | 107  |  65 |  1   | 545  |
| в | 3947 | 124  | 214  | 171  | 391  | 3610 |  44  | 483  | 1973 |  0   | 580  | 713  | 238  | 1372 | 5035 | 713  | 716  | 2275 | 405  | 950  |  10 |  38  |  31 | 198  | 959 |  21 | 1668 | 129  | 143 |  3   | 208  |
| г | 741  |  15  |  38  |  6   | 567  | 120  |  3   |  13  | 753  |  0   | 227  | 1221 |  12  | 311  | 4586 |  36  | 571  |  51  |  21  | 380  |  0  |  0   |  0  |  52  |  6  |  0  |  0   |  0   |  38 |  0   |  2   |
| д | 2722 |  82  | 532  |  37  |  62  | 3452 | 138  |  26  | 1352 |  0   | 243  | 472  |  67  | 1257 | 2908 | 172  | 960  | 279  | 117  | 1063 |  0  |  55  |  78 |  49  |  70 |  0  | 439  | 626  |  13 |  4   | 202  |
| е | 246  | 1764 | 2722 | 2172 | 2982 | 2154 | 831  | 1599 | 760  | 2947 | 1274 | 3613 | 3118 | 5898 | 1107 | 2229 | 4588 | 4357 | 3217 | 508  | 116 | 483  | 163 | 1177 | 792 | 486 |  0   |  0   | 178 |  76  | 315  |
| ж | 902  |  23  |  6   |  10  | 616  | 1991 |  4   |  0   | 1068 |  0   |  97  |  10  |  15  | 752  |  42  |  8   |  18  |  10  |  6   | 212  |  0  |  0   |  0  | 213  |  0  |  0  |  0   |  21  |  1  |  1   |  2   |
| з | 3659 | 153  | 789  | 382  | 595  | 470  |  42  | 147  | 556  |  0   | 256  | 396  | 390  | 1284 | 530  | 140  | 295  | 120  |  97  | 278  |  1  |  4   |  2  |  43  |  7  |  1  | 380  | 114  |  12 |  2   | 163  |
| и | 259  | 752  | 3185 | 553  | 1230 | 1884 | 268  | 2019 | 1183 | 849  | 1740 | 3831 | 2372 | 3368 | 1017 | 1515 | 1452 | 2889 | 3328 | 312  |  66 | 1235 | 513 | 1015 | 560 | 162 |  0   |  0   | 169 | 258  | 1239 |
| й | 112  | 311  | 682  | 179  | 587  | 146  |  84  | 206  | 491  |  0   | 464  | 339  | 354  | 923  | 489  | 882  | 356  | 1000 | 449  | 184  |  58 |  80  |  24 | 256  | 126 |  11 |  0   |  0   |  67 |  12  |  73  |
| к | 5098 | 121  | 266  |  35  |  94  | 514  |  51  | 103  | 2485 |  0   | 141  | 623  | 101  | 639  | 5701 | 216  | 1292 | 386  | 547  | 1451 |  6  |  25  |  41 |  79  |  34 |  4  |  0   |  0   |  49 |  4   |  33  |
| л | 7373 | 136  | 206  | 187  | 305  | 3193 | 237  | 104  | 4061 |  0   | 480  | 231  | 114  | 530  | 4696 | 299  |  80  | 869  | 158  | 1097 |  22 |  28  |  5  | 146  |  16 |  8  | 507  | 3042 |  23 | 637  | 1250 |
| м | 2334 | 222  | 523  | 130  | 293  | 2554 |  59  | 185  | 2490 |  0   | 370  | 155  | 258  | 1511 | 2853 | 806  | 263  | 637  | 282  | 1577 |  23 |  51  |  21 | 341  |  22 |  0  | 751  |  48  |  94 |  1   | 391  |
| н | 7821 |  84  | 157  |  51  | 192  | 6736 |  51  |  45  | 4890 |  0   | 406  |  32  |  36  | 2399 | 8153 | 166  | 133  | 487  | 642  | 2679 |  68 |  24  | 201 | 192  |  13 |  67 | 2401 | 558  |  10 | 120  | 955  |
| о |  93  | 4047 | 6027 | 3207 | 3682 | 1758 | 1449 | 1662 | 1471 | 3230 | 2149 | 4487 | 4648 | 5530 | 1389 | 2873 | 3632 | 6312 | 5472 | 596  | 135 | 567  | 156 | 1774 | 607 | 276 |  0   |  0   | 256 | 196  | 662  |
| п | 1044 |  0   |  2   |  4   |  0   | 1484 |  0   |  0   | 723  |  0   | 118  | 696  |  0   | 110  | 7124 |  9   | 5003 |  34  |  69  | 693  |  5  |  0   |  4  |  8   |  11 |  0  | 480  |  22  |  1  |  1   | 135  |
| р | 5037 |  59  | 293  | 129  | 180  | 5294 | 217  | 100  | 3180 |  0   | 495  | 132  | 207  | 737  | 5076 |  93  |  32  | 234  | 620  | 1805 |  11 | 109  |  26 | 103  | 192 |  38 | 855  | 306  |  7  |  81  | 752  |
| с | 943  | 180  | 1354 |  66  | 267  | 2445 |  56  |  52  | 1062 |  0   | 2299 | 2130 | 681  | 888  | 2259 | 1644 | 256  | 633  | 7800 | 627  |  33 | 126  |  37 | 295  |  42 |  5  | 224  | 3107 |  53 | 107  | 2638 |
| т | 3806 | 198  | 2161 |  56  | 181  | 3515 |  71  |  71  | 2906 |  0   | 888  | 241  | 185  | 1331 | 8658 | 345  | 1977 | 924  | 223  | 964  |  34 |  33  |  18 | 159  |  22 |  25 | 1273 | 5022 |  65 |  28  | 582  |
| у | 127  | 504  | 828  | 811  | 1512 | 201  | 1165 | 429  | 433  | 100  | 660  | 1409 | 770  | 787  | 247  | 790  | 678  | 1272 | 1547 |  72  |  24 | 287  |  18 | 969  | 846 | 290 |  0   |  0   |  56 | 1096 | 137  |
| ф | 137  |  0   |  2   |  0   |  0   |  98  |  0   |  0   | 218  |  0   |  1   |  14  |  0   |  2   | 230  |  1   |  35  |  2   |  9   |  33  |  12 |  0   |  0  |  2   |  1  |  0  |  33  |  0   |  4  |  1   |  0   |
| х | 252  |  67  | 314  |  76  | 105  |  68  |  12  |  90  | 287  |  0   | 147  | 175  | 201  | 447  | 1561 | 309  | 212  | 288  | 119  | 111  |  17 |  14  |  8  |  59  |  28 |  1  |  0   |  12  |  30 |  2   |  20  |
| ц | 311  |  4   |  59  |  2   |  4   | 554  |  1   |  3   | 383  |  0   |  15  |  0   |  3   |  11  | 108  |  12  |  1   |  14  |  27  |  92  |  0  |  0   |  1  |  3   |  0  |  0  | 148  |  0   |  0  |  0   |  4   |
| ч | 1175 |  0   |  9   |  0   |  1   | 2239 |  0   |  0   | 1493 |  0   | 293  |  63  |  4   | 792  | 101  |  2   |  9   |  0   | 2307 | 454  |  0  |  0   |  0  |  0   | 115 |  0  |  0   | 177  |  0  |  0   |  0   |
| ш | 608  |  1   |  29  |  1   |  5   | 1397 |  1   |  0   | 1266 |  0   | 829  | 340  |  40  | 234  | 133  |  15  |  10  |  7   |  50  | 240  |  1  |  0   |  8  |  3   |  0  |  0  |  0   | 449  |  1  |  3   |  1   |
| щ | 322  |  0   |  2   |  1   |  0   | 1276 |  0   |  2   | 650  |  0   |  0   |  0   |  1   |  83  |  2   |  1   |  5   |  0   |  1   | 174  |  0  |  0   |  0  |  0   |  0  |  0  |  0   |  53  |  0  |  0   |  0   |
| ы |  26  | 298  | 1076 | 164  | 230  | 808  | 109  | 188  | 224  | 950  | 327  | 1362 | 1217 | 518  | 295  | 465  | 272  | 739  | 889  | 127  |  11 | 759  |  10 | 233  | 275 |  12 |  0   |  0   |  27 |  2   |  38  |
| ь |  73  | 294  | 1003 | 132  | 330  | 597  |  59  | 398  | 526  |  1   | 1131 | 119  | 772  | 2145 | 705  | 816  | 297  | 1936 | 443  | 189  |  20 |  80  | 126 | 406  | 360 |  9  |  0   |  0   | 117 | 386  | 323  |
| э |  0   |  1   |  0   |  38  |  0   |  0   |  0   |  34  |  0   |  18  |  61  |  23  |  40  |  24  |  0   |  17  |  15  |  5   | 1487 |  0   |  15 |  4   |  0  |  0   |  2  |  0  |  0   |  0   |  0  |  0   |  0   |
| ю |  32  | 319  | 153  |  65  | 282  |  38  |  50  |  79  | 156  |  3   | 210  |  55  | 120  | 196  | 132  | 258  | 122  | 285  | 322  |  36  |  18 |  30  |  6  | 234  |  11 | 473 |  0   |  0   |  25 |  39  |  20  |
| я |  56  | 307  | 1266 | 249  | 861  | 282  | 154  | 554  | 502  |  24  | 589  | 604  | 607  | 1202 | 576  | 857  | 320  | 1219 | 1229 | 156  |  28 | 230  |  52 | 290  |  42 | 210 |  0   |  0   |  80 |  86  | 163  |
+---+------+------+------+------+------+------+------+------+------+------+------+------+------+------+------+------+------+------+------+------+-----+------+-----+------+-----+-----+------+------+-----+------+------+